27 # number of elements 
4128.0822
4128.0822
4128.0822
4128.0822
4128.0822
4128.0822
4128.0822
4128.0822
4128.0822
4128.0822
4128.0822
4128.0822
4128.0822
4128.0822
4128.0822
4128.0822
4128.0822
4128.0822
4128.0822
4128.0822
4128.0822
4128.0822
4128.0822
4128.0822
4128.0822
4128.0822
4128.0822
#A1

4128.0822
4128.0822
4128.0822
4128.0822
4128.0822
4128.0822
4128.0822
4128.0822
4128.0822
4128.0822
4128.0822
4128.0822
4128.0822
4128.0822
4128.0822
4128.0822
4128.0822
4128.0822
4128.0822
4128.0822
4128.0822
4128.0822
4128.0822
4128.0822
4128.0822
4128.0822
4128.0822
#A2

4128.0822
4128.0822
4128.0822
4128.0822
4128.0822
4128.0822
4128.0822
4128.0822
4128.0822
4128.0822
4128.0822
4128.0822
4128.0822
4128.0822
4128.0822
4128.0822
4128.0822
4128.0822
4128.0822
4128.0822
4128.0822
4128.0822
4128.0822
4128.0822
4128.0822
4128.0822
4128.0822
#A3

4128.0822
4128.0822
4128.0822
4128.0822
4128.0822
4128.0822
4128.0822
4128.0822
4128.0822
4128.0822
4128.0822
4128.0822
4128.0822
4128.0822
4128.0822
4128.0822
4128.0822
4128.0822
4128.0822
4128.0822
4128.0822
4128.0822
4128.0822
4128.0822
4128.0822
4128.0822
4128.0822
#A4

0.85642
0.85642
0.85642
0.85642
0.85642
0.85642
0.85642
0.85642
0.85642
0.85642
0.85642
0.85642
0.85642
0.85642
0.85642
0.85642
0.85642
0.85642
0.85642
0.85642
0.85642
0.85642
0.85642
0.85642
0.85642
0.85642
0.85642
#B1

0.85642
0.85642
0.85642
0.85642
0.85642
0.85642
0.85642
0.85642
0.85642
0.85642
0.85642
0.85642
0.85642
0.85642
0.85642
0.85642
0.85642
0.85642
0.85642
0.85642
0.85642
0.85642
0.85642
0.85642
0.85642
0.85642
0.85642
#B2

0.85642
0.85642
0.85642
0.85642
0.85642
0.85642
0.85642
0.85642
0.85642
0.85642
0.85642
0.85642
0.85642
0.85642
0.85642
0.85642
0.85642
0.85642
0.85642
0.85642
0.85642
0.85642
0.85642
0.85642
0.85642
0.85642
0.85642
#B3

0.85642
0.85642
0.85642
0.85642
0.85642
0.85642
0.85642
0.85642
0.85642
0.85642
0.85642
0.85642
0.85642
0.85642
0.85642
0.85642
0.85642
0.85642
0.85642
0.85642
0.85642
0.85642
0.85642
0.85642
0.85642
0.85642
0.85642
#B4

0.85756
0.85756
0.85756
0.85756
0.85756
0.85756
0.85756
0.85756
0.85756
0.85756
0.85756
0.85756
0.85756
0.85756
0.85756
0.85756
0.85756
0.85756
0.85756
0.85756
0.85756
0.85756
0.85756
0.85756
0.85756
0.85756
0.85756
#C1

0.85756
0.85756
0.85756
0.85756
0.85756
0.85756
0.85756
0.85756
0.85756
0.85756
0.85756
0.85756
0.85756
0.85756
0.85756
0.85756
0.85756
0.85756
0.85756
0.85756
0.85756
0.85756
0.85756
0.85756
0.85756
0.85756
0.85756
#C2

0.85756
0.85756
0.85756
0.85756
0.85756
0.85756
0.85756
0.85756
0.85756
0.85756
0.85756
0.85756
0.85756
0.85756
0.85756
0.85756
0.85756
0.85756
0.85756
0.85756
0.85756
0.85756
0.85756
0.85756
0.85756
0.85756
0.85756
#C3

0.85756
0.85756
0.85756
0.85756
0.85756
0.85756
0.85756
0.85756
0.85756
0.85756
0.85756
0.85756
0.85756
0.85756
0.85756
0.85756
0.85756
0.85756
0.85756
0.85756
0.85756
0.85756
0.85756
0.85756
0.85756
0.85756
0.85756
#C4

0.71272
0.71272
0.71272
0.71272
0.71272
0.71272
0.71272
0.71272
0.71272
0.71272
0.71272
0.71272
0.71272
0.71272
0.71272
0.71272
0.71272
0.71272
0.71272
0.71272
0.71272
0.71272
0.71272
0.71272
0.71272
0.71272
0.71272
#alpha1

0.71272
0.71272
0.71272
0.71272
0.71272
0.71272
0.71272
0.71272
0.71272
0.71272
0.71272
0.71272
0.71272
0.71272
0.71272
0.71272
0.71272
0.71272
0.71272
0.71272
0.71272
0.71272
0.71272
0.71272
0.71272
0.71272
0.71272
#alpha2

0.71272
0.71272
0.71272
0.71272
0.71272
0.71272
0.71272
0.71272
0.71272
0.71272
0.71272
0.71272
0.71272
0.71272
0.71272
0.71272
0.71272
0.71272
0.71272
0.71272
0.71272
0.71272
0.71272
0.71272
0.71272
0.71272
0.71272
#alpha3

0.71272
0.71272
0.71272
0.71272
0.71272
0.71272
0.71272
0.71272
0.71272
0.71272
0.71272
0.71272
0.71272
0.71272
0.71272
0.71272
0.71272
0.71272
0.71272
0.71272
0.71272
0.71272
0.71272
0.71272
0.71272
0.71272
0.71272
#alpha4

